$ 1 0.000005 10.20027730826997 50 5 50 5e-11
34 zener_9v 1 1.7143528192810002e-7 0 2.0000000000000084 9.1 1
z 208 224 208 160 2 zener_9v
v 160 224 160 160 0 0 40 12 0 0 0.5
r 208 96 208 160 0 100
34 zener_7v 1 1.7143528192810002e-7 0 2.0000000000000084 6.8 1
z 256 224 256 160 2 zener_7v
34 zener_5v 1 1.7143528192810002e-7 0 2.0000000000000084 4.7 1
z 304 224 304 160 2 zener_5v
r 256 96 256 160 0 220
r 304 96 304 160 0 330
162 208 224 208 288 2 default-led 1 0 0 0.02
162 256 224 256 288 2 default-led 1 0 0 0.02
162 304 224 304 288 2 default-led 1 0 0 0.02
p 576 224 576 288 3 0 0
w 160 288 160 224 0
w 160 160 160 96 0
w 208 96 256 96 0
w 256 96 304 96 0
w 160 288 208 288 0
w 208 288 256 288 0
w 256 288 304 288 0
r 448 224 448 288 0 5
r 352 96 352 160 0 330
34 zener_2v 1 1.7143528192810002e-7 0 2.0000000000000084 2 1
z 352 224 352 160 2 zener_2v
w 304 96 352 96 0
w 304 288 352 288 0
w 352 224 352 288 0
r 448 160 448 224 0 100
174 448 160 448 96 1 500 0.9950000000000001 Resistance
w 576 224 448 224 0
w 448 288 576 288 0
w 448 288 352 288 1
w 160 96 160 48 1
w 208 96 208 48 0
s 160 48 208 48 0 0 false
w 432 128 352 160 0
207 448 96 496 96 4 100\s-\s20\s-\s1\sratio
38 1 F1 0 0 12 -1 Voltage
